# unix_time, cycles_done, cur_path, paths_total, pending_total, pending_favs, map_size, unique_crashes, unique_hangs, max_depth, execs_per_sec
<<<<<<< HEAD
1493584071, 0, 0, 1, 1, 1, 0.03%, 0, 0, 1, 2000.00
1493584076, 0, 0, 24, 24, 1, 0.16%, 2, 0, 2, 3561.24
1493584081, 0, 6, 30, 25, 8, 0.17%, 2, 0, 2, 3522.25
1493584087, 0, 16, 35, 28, 6, 0.17%, 13, 0, 3, 3607.89
1493584092, 0, 16, 37, 30, 6, 0.17%, 16, 0, 3, 3533.06
1493584097, 0, 19, 54, 44, 7, 0.17%, 20, 0, 3, 3767.52
1493584102, 0, 19, 60, 50, 7, 0.17%, 20, 0, 3, 3783.41
1493584107, 0, 29, 60, 48, 5, 0.17%, 20, 0, 3, 3630.89
1493584112, 1, 8, 60, 43, 1, 0.17%, 20, 0, 3, 3648.76
1493584117, 1, 20, 60, 40, 0, 0.17%, 20, 0, 3, 3477.27
1493584122, 1, 33, 60, 37, 0, 0.17%, 20, 0, 3, 3598.33
1493584127, 1, 37, 60, 34, 0, 0.17%, 20, 0, 3, 3278.75
1493584132, 1, 41, 60, 32, 0, 0.17%, 20, 0, 3, 3487.92
1493584137, 1, 48, 60, 29, 0, 0.17%, 20, 0, 3, 3632.12
1493584142, 1, 51, 60, 28, 0, 0.17%, 20, 0, 3, 3828.61
1493584147, 1, 51, 65, 33, 0, 0.17%, 20, 0, 4, 3555.88
1493584152, 1, 58, 66, 33, 0, 0.17%, 20, 0, 4, 3711.47
1493584157, 1, 58, 70, 37, 0, 0.17%, 20, 0, 4, 3735.06
1493584162, 1, 61, 72, 38, 0, 0.17%, 20, 0, 4, 3776.38
1493584167, 1, 61, 73, 39, 0, 0.17%, 20, 0, 5, 3779.36
1493584172, 1, 70, 73, 38, 0, 0.17%, 20, 0, 5, 3765.52
1493584178, 1, 70, 79, 44, 0, 0.17%, 20, 0, 5, 3853.47
1493584183, 1, 76, 80, 44, 0, 0.17%, 20, 0, 5, 3780.25
1493584193, 2, 10, 81, 44, 0, 0.17%, 20, 0, 6, 3389.86
1493584198, 2, 26, 81, 42, 0, 0.17%, 20, 0, 6, 3326.88
1493584203, 2, 34, 81, 41, 0, 0.17%, 20, 0, 6, 3172.82
1493584208, 2, 52, 81, 40, 0, 0.17%, 20, 0, 6, 2992.17
1493584213, 2, 55, 81, 39, 0, 0.17%, 20, 0, 6, 3179.29
1493584218, 2, 66, 81, 37, 0, 0.17%, 20, 0, 6, 3279.44
1493584223, 2, 73, 81, 36, 0, 0.17%, 20, 0, 6, 3701.05
1493584233, 2, 78, 81, 35, 0, 0.17%, 20, 0, 6, 3448.94
1493584243, 3, 14, 81, 34, 0, 0.17%, 20, 0, 6, 3579.64
1493584249, 3, 63, 81, 31, 0, 0.17%, 20, 0, 6, 3591.42
1493584259, 4, 47, 81, 29, 0, 0.17%, 20, 0, 6, 3367.88
1493584264, 4, 54, 81, 28, 0, 0.17%, 20, 0, 6, 3365.14
1493584269, 4, 59, 81, 27, 0, 0.17%, 20, 0, 6, 3319.78
1493584274, 4, 69, 81, 26, 0, 0.17%, 20, 0, 6, 3427.30
=======
1493321361, 0, 0, 1, 1, 1, 0.02%, 0, 0, 1, 2000.00
1493321367, 0, 0, 19, 19, 1, 0.08%, 1, 0, 2, 3482.54
1493321372, 0, 5, 20, 16, 13, 0.08%, 1, 0, 3, 3682.24
1493321377, 0, 12, 20, 9, 6, 0.08%, 6, 0, 3, 3492.96
1493321382, 0, 17, 22, 8, 5, 0.08%, 7, 0, 3, 3287.24
1493321387, 0, 19, 22, 6, 3, 0.08%, 8, 0, 3, 2694.15
1493321392, 0, 21, 22, 4, 1, 0.08%, 9, 0, 3, 2644.71
1493321397, 1, 19, 22, 1, 0, 0.08%, 11, 0, 3, 2978.91
1493321402, 2, 22, 23, 2, 1, 0.08%, 12, 0, 3, 2935.58
1493321407, 3, 12, 23, 1, 0, 0.08%, 14, 0, 3, 2656.36
1493321412, 4, 3, 23, 0, 0, 0.08%, 14, 0, 3, 2847.48
1493321417, 5, 0, 23, 0, 0, 0.08%, 14, 0, 3, 2598.77
1493321422, 5, 22, 23, 0, 0, 0.08%, 15, 0, 3, 2886.23
>>>>>>> c9ea3de2b6d4f325878080b4245790e7fd2d2529
